# Similarity matrix for ['mol-50.xyz']. Cutoff: 3.500000  Nmax: 12  Lmax: 6  Atoms-sigma: 0.500000  Mu: 0.000000  Central-weight: 1.000000  Periodic: False  Distance: nkdistance  Ignored_Z: []  Ignored_Centers_Z: []
0.0 0.554810466333 0.89385833076 0.772997541539 0.920352390375 0.927106849477 0.894560433418 0.710237454946 0.676699674032 0.683329922674 0.869149580631 0.643036156382 0.709082489518 0.731473907975 0.773219182577 0.727863457681 0.853629946188 0.724361567068 0.578425003538 0.750757904628 0.64902878566 0.633889384523 0.401559285215 0.618360425902 0.703251573835 0.974018884234 0.917472769834 0.692497595669 0.716798972845 0.736118258628 0.715604402675 0.928548217829 0.573907965438 0.587494873854 1.01218440576 0.631765248954 0.460353556943 0.719111699422 0.653360004853 0.603839572003 0.883970474543 0.861893803176 0.762202144725 0.854601980699 0.721296782202 0.914528892729 0.810945204649 0.883919615435 0.725826021887 0.966885979479 
0.554810466333 0.0 0.836649834583 0.694298231726 0.898675388187 0.893969337264 0.886263892555 0.605676661223 0.633706778973 0.676325013081 0.738465488951 0.436798567131 0.587309910944 0.578396706165 0.632762108275 0.71195746612 0.769057506042 0.656559560939 0.546362209578 0.715531679366 0.557239397294 0.601509751242 0.510741840889 0.553125449811 0.613081105865 0.915590570905 0.85801332229 0.673198476186 0.719960404848 0.701319992814 0.727159690405 0.913690170144 0.444261655102 0.575283282394 0.969371151304 0.53545050896 0.500773401166 0.780919579561 0.691584920029 0.557057989121 0.844887246359 0.841535914636 0.614580972119 0.832847071241 0.695711294713 0.890535903794 0.752082160021 0.881260444088 0.799573098509 0.952084380002 
0.89385833076 0.836649834583 0.0 0.495848341797 0.758830901946 0.718906110136 0.704668624029 0.823925856904 0.776467757024 0.822375656807 0.704189808486 0.8761714856 0.795773754944 0.765589074186 0.673824934535 0.697736402467 0.550235782264 0.682809885622 0.88812377119 0.618964988525 0.925180318983 0.749290941079 0.822246671031 0.795897414061 0.784646152824 0.650495905428 0.668577089979 0.83976102758 0.827680863981 0.803298357718 0.823390620755 0.660260319718 0.821274886094 0.75904989029 0.635620435725 0.902145898207 0.85232934806 0.789152972029 0.846974468629 0.883205172538 0.801712694051 0.742654696774 0.761597427698 0.69407283316 0.814823102384 0.695056429327 0.667086568985 0.674304886704 0.810817840704 0.782352136634 
0.772997541539 0.694298231726 0.495848341797 0.0 0.742306798513 0.729083468629 0.705750301314 0.682764264064 0.63572461014 0.730163581159 0.620439257119 0.757819410726 0.683057104794 0.661941809627 0.569173732239 0.61801612101 0.550541883353 0.606801747007 0.776160401623 0.557539521454 0.818356851513 0.66651347583 0.705023676926 0.690429236511 0.655774904464 0.727707515832 0.658735928396 0.709591945953 0.712415034052 0.692331787666 0.715497427158 0.757736387751 0.692835737808 0.627882981552 0.758242538408 0.789161984643 0.726779175329 0.728862559693 0.772479622708 0.777988975348 0.781985811764 0.761242714555 0.662519130824 0.73759647706 0.75120452334 0.765174094954 0.534670782196 0.743655802073 0.724234848246 0.844700231432 
0.920352390375 0.898675388187 0.758830901946 0.742306798513 0.0 0.356630229692 0.438806424035 0.783062267014 0.746464860536 0.770431534748 0.807496393837 0.923753011071 0.875200748972 0.852362251998 0.812534894433 0.85752676317 0.780380873566 0.797857824129 0.926796812019 0.77419541653 0.952930238983 0.855666312101 0.886135421439 0.872990974828 0.782446680264 0.663490443756 0.496890305291 0.751115938048 0.679162023931 0.675446195664 0.733612111249 0.712456119612 0.831434593453 0.794547571555 0.761973501402 0.884094676103 0.855737875159 0.814259415572 0.872599363164 0.839191564695 0.530497345834 0.753300389028 0.720640269714 0.739866026363 0.800367843158 0.719123268369 0.674245628626 0.565471287069 0.660147447179 0.906762244749 
0.927106849477 0.893969337264 0.718906110136 0.729083468629 0.356630229692 0.0 0.414353818724 0.804348958172 0.760618012679 0.799171479904 0.796708012118 0.925411730689 0.878528687278 0.855173394522 0.79248172481 0.835404155765 0.762900248282 0.802200931676 0.938568206487 0.777966828947 0.956782638797 0.848386545427 0.887404534937 0.870984632048 0.805745244427 0.641530858873 0.511939531088 0.779813905616 0.69530754387 0.687811148101 0.740090213647 0.696059106446 0.831167788854 0.813536228782 0.736754977602 0.896857838515 0.864537409732 0.814505664693 0.852223583992 0.847873823185 0.536921082483 0.771209518563 0.712394785836 0.73843581233 0.816608851161 0.710387160907 0.708836231059 0.595346591819 0.667044413962 0.866284113849 
0.894560433418 0.886263892555 0.704668624029 0.705750301314 0.438806424035 0.414353818724 0.0 0.787606781402 0.735107022308 0.771597559492 0.788094082298 0.922194406972 0.874782917479 0.844702882891 0.783067155115 0.816683160821 0.754682690233 0.777385333685 0.918550092211 0.73755347749 0.946031875696 0.82540068623 0.860875086701 0.853337355693 0.77170025523 0.635250869583 0.513446565958 0.750063675487 0.680581164388 0.659339158593 0.703867493783 0.699907844934 0.81591591686 0.771690988465 0.727548351314 0.891495195445 0.836948574759 0.790721340257 0.838571087112 0.84171612582 0.638957319903 0.760589271263 0.716548143086 0.733875721489 0.805643068762 0.711468258182 0.683696872326 0.577690268734 0.657554721863 0.843360512587 
0.710237454946 0.605676661223 0.823925856904 0.682764264064 0.783062267014 0.804348958172 0.787606781402 0.0 0.279517693 0.587762362087 0.702183355568 0.623542560819 0.622198885151 0.622990044264 0.715615072059 0.791863154176 0.823350463522 0.731636511918 0.658061761272 0.74393075446 0.710666098012 0.726458985561 0.620374723694 0.660980468987 0.433092453517 0.870254645424 0.760807761757 0.414097111109 0.567008262188 0.523763407661 0.612707301091 0.907043196017 0.530844886603 0.544510789348 0.914494906126 0.604920418166 0.623438055109 0.808922492253 0.75130499739 0.599095112394 0.820507117689 0.830389493543 0.594453029658 0.833847263835 0.678768736941 0.8691099886 0.567035022824 0.833912233823 0.706873283558 0.986084512188 
0.676699674032 0.633706778973 0.776467757024 0.63572461014 0.746464860536 0.760618012679 0.735107022308 0.279517693 0.0 0.601405973453 0.688227868746 0.660813685796 0.647260975543 0.640758620742 0.692480805382 0.747117569537 0.783858682464 0.699117315836 0.658235115491 0.708674123937 0.724168444324 0.691765714858 0.600844147385 0.649135570615 0.450440925279 0.837797091079 0.715757984788 0.412426401806 0.511755809641 0.471466738143 0.555502409566 0.868475447955 0.525489508727 0.530700211813 0.875123480201 0.610866236589 0.590737086994 0.769193310083 0.712434150728 0.589709053096 0.792329034985 0.806841608247 0.593232963076 0.800537285215 0.665403297361 0.836124380352 0.55772093073 0.791072226548 0.628783455701 0.943777977022 
0.683329922674 0.676325013081 0.822375656807 0.730163581159 0.770431534748 0.799171479904 0.771597559492 0.587762362087 0.601405973453 0.0 0.778091210243 0.680531488175 0.634215803633 0.639971578366 0.691652774114 0.753143330777 0.80323789403 0.696855356384 0.710400025067 0.679739862275 0.738684308386 0.738802923976 0.661839277115 0.697572365034 0.638094447616 0.866415283858 0.779736028901 0.625263494929 0.716521338694 0.674280741803 0.753696089767 0.82119264638 0.589446080811 0.528436891734 0.900692448818 0.634359982081 0.64971960145 0.718685932863 0.700272216677 0.632534891128 0.698284930076 0.676442480064 0.516064864454 0.708540584617 0.501787458824 0.757337355278 0.567940756714 0.75179735287 0.670422723273 0.922696483696 
0.869149580631 0.738465488951 0.704189808486 0.620439257119 0.807496393837 0.796708012118 0.788094082298 0.702183355568 0.688227868746 0.778091210243 0.0 0.722091101088 0.631247698185 0.572063959793 0.647108313277 0.733047487346 0.69070445285 0.699017838203 0.781622080565 0.636894705409 0.849141806298 0.769381719655 0.75506479514 0.749551007191 0.623760464408 0.758540795476 0.723747763027 0.757933357369 0.775739927988 0.742629364357 0.798921800406 0.840849344087 0.767662333925 0.728644149351 0.807592824539 0.8316716154 0.806292773915 0.831136869566 0.8519850228 0.821141925066 0.83715442272 0.824208827149 0.676565021645 0.815622468719 0.808203560803 0.82150228229 0.68744567143 0.822164123175 0.83245849571 0.900894162529 
0.643036156382 0.436798567131 0.8761714856 0.757819410726 0.923753011071 0.925411730689 0.922194406972 0.623542560819 0.660813685796 0.680531488175 0.722091101088 0.0 0.447722333363 0.492709038173 0.691222880539 0.760885676331 0.828118755163 0.713869949837 0.488807545457 0.723549141997 0.616986367587 0.703369989187 0.532297710273 0.630825721779 0.570400436057 0.945556038688 0.890384756469 0.697086144867 0.767769343194 0.753774374417 0.777619661696 0.950673029158 0.533694495723 0.620387976516 0.989517427474 0.618078891727 0.618990954735 0.823002758644 0.766032361972 0.632589508538 0.87301906307 0.859373236007 0.675944001755 0.85047540967 0.732077352698 0.909054512512 0.752682918735 0.895842403008 0.829750168867 1.00401115188 
0.709082489518 0.587309910944 0.795773754944 0.683057104794 0.875200748972 0.878528687278 0.874782917479 0.622198885151 0.647260975543 0.634215803633 0.631247698185 0.447722333363 0.0 0.337786623091 0.619592821733 0.675834084756 0.746422504567 0.63574099366 0.607308261974 0.61737470591 0.720034030005 0.697716447409 0.573555092122 0.631343276688 0.59081897823 0.888638876179 0.8392438387 0.695986126577 0.771415149969 0.750673313103 0.791483491144 0.88670024695 0.624828579195 0.520614520243 0.926766141388 0.72242020181 0.685640435118 0.772061233828 0.780051971023 0.717618799723 0.825335012504 0.800528045902 0.605955113288 0.785265488575 0.720470440101 0.857487960463 0.679590696925 0.830393172397 0.799693809553 0.9649602699 
0.731473907975 0.578396706165 0.765589074186 0.661941809627 0.852362251998 0.855173394522 0.844702882891 0.622990044264 0.640758620742 0.639971578366 0.572063959793 0.492709038173 0.337786623091 0.0 0.566589945557 0.673857633584 0.718357617296 0.610641814774 0.611902501647 0.572597892318 0.72020070908 0.665455703418 0.577824704191 0.628391139836 0.559475354972 0.852556340391 0.80013790571 0.706178256718 0.762457178398 0.730609232563 0.785865412618 0.860864766315 0.626738457589 0.545588320482 0.880824809803 0.714390977343 0.668493079704 0.764572214236 0.775005761487 0.715030496557 0.803198216956 0.779271759188 0.560570117123 0.77080907212 0.711004847527 0.833123875794 0.668381854168 0.810927256374 0.793577035393 0.936963653531 
0.773219182577 0.632762108275 0.673824934535 0.569173732239 0.812534894433 0.79248172481 0.783067155115 0.715615072059 0.692480805382 0.691652774114 0.647108313277 0.691222880539 0.619592821733 0.566589945557 0.0 0.481069172789 0.536993688244 0.439076391556 0.756741971278 0.574478444848 0.72904700322 0.574251220153 0.674643968233 0.583100169982 0.703439703059 0.790821541962 0.743598242239 0.762146379985 0.777203961947 0.748352108345 0.793025180149 0.799474075897 0.668503891318 0.621426050469 0.811710953432 0.755712771133 0.707273924245 0.610412370872 0.691238005741 0.745812722399 0.761034001495 0.67333066448 0.585050573494 0.668750400512 0.671425617086 0.70685570694 0.675580031512 0.754962191881 0.75996195493 0.854521154202 
0.727863457681 0.71195746612 0.697736402467 0.61801612101 0.85752676317 0.835404155765 0.816683160821 0.791863154176 0.747117569537 0.753143330777 0.733047487346 0.760885676331 0.675834084756 0.673857633584 0.481069172789 0.0 0.553535851032 0.497461943777 0.775998715858 0.61965060835 0.7735159956 0.536001584882 0.674360797973 0.530360341691 0.753409038255 0.833776039725 0.786560079957 0.796541526535 0.786819808848 0.777225360829 0.788088077938 0.776239903705 0.690373451102 0.626739024127 0.841589078411 0.8048878022 0.694558837052 0.539219984194 0.64657225925 0.775788394126 0.797721992192 0.703587789066 0.67029217865 0.662020895674 0.725633359706 0.75277573258 0.742242381883 0.781970139584 0.760382602301 0.859257608099 
0.853629946188 0.769057506042 0.550235782264 0.550541883353 0.780380873566 0.762900248282 0.754682690233 0.823350463522 0.783858682464 0.80323789403 0.69070445285 0.828118755163 0.746422504567 0.718357617296 0.536993688244 0.553535851032 0.0 0.604742006615 0.846209888306 0.620826655395 0.861503144029 0.678895301549 0.784984190372 0.695068699384 0.774541445573 0.726758125562 0.694789053774 0.836537695496 0.820946310669 0.801508352955 0.825802082154 0.67048241035 0.770430629722 0.724683986895 0.744506389921 0.863671043709 0.79822213142 0.712095543266 0.778757667643 0.848442720104 0.803442089143 0.721028865462 0.707059818914 0.691380369243 0.785560968887 0.723322020966 0.687538350916 0.717234248274 0.794632201546 0.813990450668 
0.724361567068 0.656559560939 0.682809885622 0.606801747007 0.797857824129 0.802200931676 0.777385333685 0.731636511918 0.699117315836 0.696855356384 0.699017838203 0.713869949837 0.63574099366 0.610641814774 0.439076391556 0.497461943777 0.604742006615 0.0 0.734685826408 0.540232238216 0.743905968891 0.470345612865 0.644464541231 0.529789466227 0.714303679824 0.805372527043 0.747747055645 0.760033137627 0.777994490258 0.75803776591 0.795952041087 0.798802326318 0.66354808318 0.583744786402 0.813082856563 0.771104047709 0.681137129779 0.612291335697 0.662313582472 0.743408139862 0.780908818181 0.678203077868 0.646096249305 0.638509312738 0.687961151141 0.721080374137 0.661483006336 0.748433793385 0.730618006165 0.87121657286 
0.578425003538 0.546362209578 0.88812377119 0.776160401623 0.926796812019 0.938568206487 0.918550092211 0.658061761272 0.658235115491 0.710400025067 0.781622080565 0.488807545457 0.607308261974 0.611902501647 0.756741971278 0.775998715858 0.846209888306 0.734685826408 0.0 0.740377412507 0.544166805917 0.683667218948 0.512947993378 0.635229860014 0.606092502074 0.962786408893 0.899202972912 0.663132834251 0.730575226481 0.737399713603 0.744844907569 0.9446370672 0.569805383089 0.60253936267 0.994205449606 0.528325777574 0.586728875431 0.816644534202 0.767089979213 0.530233293951 0.89538097859 0.876014133854 0.737120576906 0.872981758849 0.758943575131 0.925341188281 0.774607834455 0.904994726791 0.802712703219 0.988638793024 
0.750757904628 0.715531679366 0.618964988525 0.557539521454 0.77419541653 0.777966828947 0.73755347749 0.74393075446 0.708674123937 0.679739862275 0.636894705409 0.723549141997 0.61737470591 0.572597892318 0.574478444848 0.61965060835 0.620826655395 0.540232238216 0.740377412507 0.0 0.819317796829 0.667343750639 0.629738627363 0.693898207143 0.697831974275 0.756130802764 0.708428589415 0.763710799704 0.77901948243 0.761493253942 0.811600465992 0.758808455554 0.710638057237 0.599437462058 0.755166297476 0.799344749722 0.715255239614 0.695238961353 0.77025222753 0.776359663392 0.714300144559 0.649030174569 0.630240806697 0.642798916133 0.707561611815 0.715863268125 0.633877058644 0.701404080894 0.731835044432 0.830098238739 
0.64902878566 0.557239397294 0.925180318983 0.818356851513 0.952930238983 0.956782638797 0.946031875696 0.710666098012 0.724168444324 0.738684308386 0.849141806298 0.616986367587 0.720034030005 0.72020070908 0.72904700322 0.7735159956 0.861503144029 0.743905968891 0.544166805917 0.819317796829 0.0 0.691494771555 0.63229633397 0.63145397403 0.717165442043 0.983526932768 0.927393229306 0.740086095419 0.786928634125 0.784409031188 0.791813751081 0.967780780714 0.604117592749 0.691068441717 1.02493299237 0.512843446735 0.635155766037 0.796773784318 0.726832288395 0.554060833518 0.899736622349 0.862671297457 0.732327890123 0.871661553255 0.68590174328 0.925896198849 0.838463996993 0.93856479364 0.855269943513 0.986535257279 
0.633889384523 0.601509751242 0.749290941079 0.66651347583 0.855666312101 0.848386545427 0.82540068623 0.726458985561 0.691765714858 0.738802923976 0.769381719655 0.703369989187 0.697716447409 0.665455703418 0.574251220153 0.536001584882 0.678895301549 0.470345612865 0.683667218948 0.667343750639 0.691494771555 0.0 0.583589025456 0.471395635894 0.68270650748 0.866802236338 0.809251459273 0.732361895054 0.721152927804 0.718253967571 0.720271942085 0.844450559767 0.631794758929 0.601413173071 0.890823032798 0.713491488679 0.598979103802 0.618612403538 0.576694918927 0.684868792519 0.828532218354 0.770675242496 0.688101534537 0.730133365474 0.691051258055 0.790621696937 0.746513865874 0.825377360756 0.7307482906 0.879070677005 
0.401559285215 0.510741840889 0.822246671031 0.705023676926 0.886135421439 0.887404534937 0.860875086701 0.620374723694 0.600844147385 0.661839277115 0.75506479514 0.532297710273 0.573555092122 0.577824704191 0.674643968233 0.674360797973 0.784984190372 0.644464541231 0.512947993378 0.629738627363 0.63229633397 0.583589025456 0.0 0.534554515783 0.588076702904 0.911457406617 0.850976876092 0.624587688802 0.658216017232 0.676501227978 0.674417726314 0.892644837927 0.519207857451 0.523406005922 0.936650196726 0.609999968629 0.428684692018 0.708728389893 0.652793007 0.587499458303 0.841198442664 0.817713579768 0.666963798747 0.813763250024 0.694217189872 0.866920682396 0.743838339419 0.846881711369 0.721035465302 0.934488768874 
0.618360425902 0.553125449811 0.795897414061 0.690429236511 0.872990974828 0.870984632048 0.853337355693 0.660980468987 0.649135570615 0.697572365034 0.749551007191 0.630825721779 0.631343276688 0.628391139836 0.583100169982 0.530360341691 0.695068699384 0.529789466227 0.635229860014 0.693898207143 0.63145397403 0.471395635894 0.534554515783 0.0 0.661440887415 0.89699810428 0.829892728673 0.686895830755 0.727413975469 0.71314111561 0.727430123751 0.860617552394 0.569999071689 0.566126641553 0.920250302491 0.69582525872 0.577737844817 0.615916919185 0.54587996172 0.669739817653 0.844002967239 0.77416046648 0.658799016766 0.729497578976 0.679686334092 0.81610129171 0.729563834826 0.8285611701 0.731609925029 0.92921221733 
0.703251573835 0.613081105865 0.784646152824 0.655774904464 0.782446680264 0.805745244427 0.77170025523 0.433092453517 0.450440925279 0.638094447616 0.623760464408 0.570400436057 0.59081897823 0.559475354972 0.703439703059 0.753409038255 0.774541445573 0.714303679824 0.606092502074 0.697831974275 0.717165442043 0.68270650748 0.588076702904 0.661440887415 0.0 0.832870506786 0.7382250142 0.500292209578 0.557186272045 0.54383280145 0.592543914721 0.866782265352 0.576838901211 0.553738135171 0.880004672278 0.630758928244 0.598682285887 0.775564737283 0.755941970157 0.619433074268 0.820096094276 0.810640313848 0.614657633359 0.816234925986 0.692104564627 0.841914791832 0.61493419454 0.815255545946 0.731155766695 0.944257796783 
0.974018884234 0.915590570905 0.650495905428 0.727707515832 0.663490443756 0.641530858873 0.635250869583 0.870254645424 0.837797091079 0.866415283858 0.758540795476 0.945556038688 0.888638876179 0.852556340391 0.790821541962 0.833776039725 0.726758125562 0.805372527043 0.962786408893 0.756130802764 0.983526932768 0.866802236338 0.911457406617 0.89699810428 0.832870506786 0.0 0.540537872524 0.854265121457 0.822674657765 0.807838357506 0.804949201876 0.649500300338 0.876429234913 0.841152864697 0.584534402103 0.940690224714 0.905162905928 0.853430929254 0.906097045165 0.920372075298 0.743667711582 0.75787232009 0.761216631104 0.731898916341 0.860969656157 0.674535859049 0.753290476935 0.647756283499 0.830711430223 0.818924214019 
0.917472769834 0.85801332229 0.668577089979 0.658735928396 0.496890305291 0.511939531088 0.513446565958 0.760807761757 0.715757984788 0.779736028901 0.723747763027 0.890384756469 0.8392438387 0.80013790571 0.743598242239 0.786560079957 0.694789053774 0.747747055645 0.899202972912 0.708428589415 0.927393229306 0.809251459273 0.850976876092 0.829892728673 0.7382250142 0.540537872524 0.0 0.741284142178 0.663813662884 0.659006811637 0.666499784776 0.657724940247 0.787759415589 0.762069136038 0.665185533463 0.848906168245 0.799463913062 0.79787152572 0.859500020272 0.815464378561 0.645031848498 0.746774253664 0.661602246333 0.718485768159 0.8021459192 0.696051434384 0.642524513709 0.607804416896 0.710142427147 0.856837158561 
0.692497595669 0.673198476186 0.83976102758 0.709591945953 0.751115938048 0.779813905616 0.750063675487 0.414097111109 0.412426401806 0.625263494929 0.757933357369 0.697086144867 0.695986126577 0.706178256718 0.762146379985 0.796541526535 0.836537695496 0.760033137627 0.663132834251 0.763710799704 0.740086095419 0.732361895054 0.624587688802 0.686895830755 0.500292209578 0.854265121457 0.741284142178 0.0 0.450530664377 0.367181740042 0.514114658924 0.856127751504 0.569645705612 0.530680872371 0.920670873445 0.621149336997 0.622229494603 0.784820910546 0.743269674512 0.624925636087 0.790358797157 0.837334204088 0.664040403554 0.839218315847 0.685442709103 0.870854726071 0.609640416321 0.794542759283 0.648535024349 0.973646798751 
0.716798972845 0.719960404848 0.827680863981 0.712415034052 0.679162023931 0.69530754387 0.680581164388 0.567008262188 0.511755809641 0.716521338694 0.775739927988 0.767769343194 0.771415149969 0.762457178398 0.777203961947 0.786819808848 0.820946310669 0.777994490258 0.730575226481 0.77901948243 0.786928634125 0.721152927804 0.658216017232 0.727413975469 0.557186272045 0.822674657765 0.663813662884 0.450530664377 0.0 0.368891688462 0.407371579999 0.831591786515 0.622571204816 0.614461826077 0.876470637528 0.675911699978 0.603028019388 0.785311684164 0.757065046107 0.621298482358 0.748267351327 0.847225006642 0.657212976101 0.822895040676 0.743096163826 0.843110613814 0.700778261153 0.748775002431 0.597590474453 0.935426042166 
0.736118258628 0.701319992814 0.803298357718 0.692331787666 0.675446195664 0.687811148101 0.659339158593 0.523763407661 0.471466738143 0.674280741803 0.742629364357 0.753774374417 0.750673313103 0.730609232563 0.748352108345 0.777225360829 0.801508352955 0.75803776591 0.737399713603 0.761493253942 0.784409031188 0.718253967571 0.676501227978 0.71314111561 0.54383280145 0.807838357506 0.659006811637 0.367181740042 0.368891688462 0.0 0.458653423679 0.803448229506 0.607217329492 0.611850721208 0.871501537293 0.665156040947 0.635371675134 0.775862611033 0.737703447389 0.641681683353 0.738544292849 0.827749198671 0.634926033535 0.80491191819 0.706594798888 0.827590372114 0.634878773159 0.747820497985 0.574068487025 0.923575735483 
0.715604402675 0.727159690405 0.823390620755 0.715497427158 0.733612111249 0.740090213647 0.703867493783 0.612707301091 0.555502409566 0.753696089767 0.798921800406 0.777619661696 0.791483491144 0.785865412618 0.793025180149 0.788088077938 0.825802082154 0.795952041087 0.744844907569 0.811600465992 0.791813751081 0.720271942085 0.674417726314 0.727430123751 0.592543914721 0.804949201876 0.666499784776 0.514114658924 0.407371579999 0.458653423679 0.0 0.826550941666 0.637456198623 0.665171382786 0.896087104925 0.678509451688 0.619782372404 0.766332516903 0.749461359792 0.626736573021 0.789585835327 0.867009941666 0.696003567894 0.843130348433 0.762125457057 0.838862459654 0.714565907899 0.772306185304 0.636274179464 0.928078284689 
0.928548217829 0.913690170144 0.660260319718 0.757736387751 0.712456119612 0.696059106446 0.699907844934 0.907043196017 0.868475447955 0.82119264638 0.840849344087 0.950673029158 0.88670024695 0.860864766315 0.799474075897 0.776239903705 0.67048241035 0.798802326318 0.9446370672 0.758808455554 0.967780780714 0.844450559767 0.892644837927 0.860617552394 0.866782265352 0.649500300338 0.657724940247 0.856127751504 0.831591786515 0.803448229506 0.826550941666 0.0 0.841335346092 0.825973109053 0.709488952413 0.916402571214 0.862943683025 0.785252282395 0.834627533012 0.915617797138 0.726659306475 0.746662266233 0.796250427513 0.689523276466 0.811521601059 0.705217151952 0.773228468859 0.543864469207 0.758779411681 0.801570166485 
0.573907965438 0.444261655102 0.821274886094 0.692835737808 0.831434593453 0.831167788854 0.81591591686 0.530844886603 0.525489508727 0.589446080811 0.767662333925 0.533694495723 0.624828579195 0.626738457589 0.668503891318 0.690373451102 0.770430629722 0.66354808318 0.569805383089 0.710638057237 0.604117592749 0.631794758929 0.519207857451 0.569999071689 0.576838901211 0.876429234913 0.787759415589 0.569645705612 0.622571204816 0.607217329492 0.637456198623 0.841335346092 0.0 0.502143201847 0.915500616279 0.470637493255 0.454994810867 0.720719052113 0.608392338962 0.49506217174 0.790735842995 0.795072157177 0.555379276899 0.776484343177 0.621250769677 0.831332844365 0.674510667451 0.812417978769 0.687449729144 0.943626259407 
0.587494873854 0.575283282394 0.75904989029 0.627882981552 0.794547571555 0.813536228782 0.771690988465 0.544510789348 0.530700211813 0.528436891734 0.728644149351 0.620387976516 0.520614520243 0.545588320482 0.621426050469 0.626739024127 0.724683986895 0.583744786402 0.60253936267 0.599437462058 0.691068441717 0.601413173071 0.523406005922 0.566126641553 0.553738135171 0.841152864697 0.762069136038 0.530680872371 0.614461826077 0.611850721208 0.665171382786 0.825973109053 0.502143201847 0.0 0.872914218468 0.632120324134 0.51593291476 0.646928513044 0.66512917666 0.591804371868 0.746027277979 0.730177474164 0.512120252804 0.71019189447 0.628000882603 0.793535424097 0.60758425449 0.76020458638 0.656290973805 0.920172511714 
1.01218440576 0.969371151304 0.635620435725 0.758242538408 0.761973501402 0.736754977602 0.727548351314 0.914494906126 0.875123480201 0.900692448818 0.807592824539 0.989517427474 0.926766141388 0.880824809803 0.811710953432 0.841589078411 0.744506389921 0.813082856563 0.994205449606 0.755166297476 1.02493299237 0.890823032798 0.936650196726 0.920250302491 0.880004672278 0.584534402103 0.665185533463 0.920670873445 0.876470637528 0.871501537293 0.896087104925 0.709488952413 0.915500616279 0.872914218468 0.0 0.987419907716 0.938932016036 0.877953211785 0.926552795437 0.960427660571 0.787751219165 0.735884972137 0.79346151571 0.713304170344 0.884238554369 0.687233745815 0.770545316154 0.686055651869 0.869518170204 0.823693580878 
0.631765248954 0.53545050896 0.902145898207 0.789161984643 0.884094676103 0.896857838515 0.891495195445 0.604920418166 0.610866236589 0.634359982081 0.8316716154 0.618078891727 0.72242020181 0.714390977343 0.755712771133 0.8048878022 0.863671043709 0.771104047709 0.528325777574 0.799344749722 0.512843446735 0.713491488679 0.609999968629 0.69582525872 0.630758928244 0.940690224714 0.848906168245 0.621149336997 0.675911699978 0.665156040947 0.678509451688 0.916402571214 0.470637493255 0.632120324134 0.987419907716 0.0 0.517371348048 0.795376019111 0.725493380787 0.349779717673 0.833565467059 0.844170047736 0.648623851287 0.848791519488 0.63563412268 0.885265537399 0.747500727544 0.884976292371 0.764988619145 0.968848406979 
0.460353556943 0.500773401166 0.85232934806 0.726779175329 0.855737875159 0.864537409732 0.836948574759 0.623438055109 0.590737086994 0.64971960145 0.806292773915 0.618990954735 0.685640435118 0.668493079704 0.707273924245 0.694558837052 0.79822213142 0.681137129779 0.586728875431 0.715255239614 0.635155766037 0.598979103802 0.428684692018 0.577737844817 0.598682285887 0.905162905928 0.799463913062 0.622229494603 0.603028019388 0.635371675134 0.619782372404 0.862943683025 0.454994810867 0.51593291476 0.938932016036 0.517371348048 0.0 0.674583868549 0.648849074864 0.49876547743 0.812253824365 0.805352356971 0.616136372003 0.797757206305 0.66204990387 0.845532818237 0.744491479278 0.822123855845 0.690013058115 0.942388689735 
0.719111699422 0.780919579561 0.789152972029 0.728862559693 0.814259415572 0.814505664693 0.790721340257 0.808922492253 0.769193310083 0.718685932863 0.831136869566 0.823002758644 0.772061233828 0.764572214236 0.610412370872 0.539219984194 0.712095543266 0.612291335697 0.816644534202 0.695238961353 0.796773784318 0.618612403538 0.708728389893 0.615916919185 0.775564737283 0.853430929254 0.79787152572 0.784820910546 0.785311684164 0.775862611033 0.766332516903 0.785252282395 0.720719052113 0.646928513044 0.877953211785 0.795376019111 0.674583868549 0.0 0.562245508514 0.763045315827 0.751635156576 0.668002646253 0.705987284165 0.631302570542 0.660261107945 0.694858012326 0.76027774142 0.747170770926 0.66510126983 0.889090664595 
0.653360004853 0.691584920029 0.846974468629 0.772479622708 0.872599363164 0.852223583992 0.838571087112 0.75130499739 0.712434150728 0.700272216677 0.8519850228 0.766032361972 0.780051971023 0.775005761487 0.691238005741 0.64657225925 0.778757667643 0.662313582472 0.767089979213 0.77025222753 0.726832288395 0.576694918927 0.652793007 0.54587996172 0.755941970157 0.906097045165 0.859500020272 0.743269674512 0.757065046107 0.737703447389 0.749461359792 0.834627533012 0.608392338962 0.66512917666 0.926552795437 0.725493380787 0.648849074864 0.562245508514 0.0 0.707710573877 0.821690433998 0.793999984384 0.697482847305 0.711627650237 0.631276214314 0.803834183806 0.795180107487 0.840430545338 0.692970886016 0.927274639456 
0.603839572003 0.557057989121 0.883205172538 0.777988975348 0.839191564695 0.847873823185 0.84171612582 0.599095112394 0.589709053096 0.632534891128 0.821141925066 0.632589508538 0.717618799723 0.715030496557 0.745812722399 0.775788394126 0.848442720104 0.743408139862 0.530233293951 0.776359663392 0.554060833518 0.684868792519 0.587499458303 0.669739817653 0.619433074268 0.920372075298 0.815464378561 0.624925636087 0.621298482358 0.641681683353 0.626736573021 0.915617797138 0.49506217174 0.591804371868 0.960427660571 0.349779717673 0.49876547743 0.763045315827 0.707710573877 0.0 0.799255443773 0.820461983947 0.620335953767 0.819503468593 0.653371226459 0.861243733639 0.750353130487 0.853992981029 0.723229115209 0.952583772153 
0.883970474543 0.844887246359 0.801712694051 0.781985811764 0.530497345834 0.536921082483 0.638957319903 0.820507117689 0.792329034985 0.698284930076 0.83715442272 0.87301906307 0.825335012504 0.803198216956 0.761034001495 0.797721992192 0.803442089143 0.780908818181 0.89538097859 0.714300144559 0.899736622349 0.828532218354 0.841198442664 0.844002967239 0.820096094276 0.743667711582 0.645031848498 0.790358797157 0.748267351327 0.738544292849 0.789585835327 0.726659306475 0.790735842995 0.746027277979 0.787751219165 0.833565467059 0.812253824365 0.751635156576 0.821690433998 0.799255443773 0.0 0.634388482354 0.628397770289 0.628300057761 0.718166043112 0.675053311817 0.744795991589 0.636155024859 0.697035702347 0.849449251758 
0.861893803176 0.841535914636 0.742654696774 0.761242714555 0.753300389028 0.771209518563 0.760589271263 0.830389493543 0.806841608247 0.676442480064 0.824208827149 0.859373236007 0.800528045902 0.779271759188 0.67333066448 0.703587789066 0.721028865462 0.678203077868 0.876014133854 0.649030174569 0.862671297457 0.770675242496 0.817713579768 0.77416046648 0.810640313848 0.75787232009 0.746774253664 0.837334204088 0.847225006642 0.827749198671 0.867009941666 0.746662266233 0.795072157177 0.730177474164 0.735884972137 0.844170047736 0.805352356971 0.668002646253 0.793999984384 0.820461983947 0.634388482354 0.0 0.656361102323 0.497868737637 0.663592325713 0.570185929906 0.687564097001 0.619471823396 0.753146996831 0.854382415757 
0.762202144725 0.614580972119 0.761597427698 0.662519130824 0.720640269714 0.712394785836 0.716548143086 0.594453029658 0.593232963076 0.516064864454 0.676565021645 0.675944001755 0.605955113288 0.560570117123 0.585050573494 0.67029217865 0.707059818914 0.646096249305 0.737120576906 0.630240806697 0.732327890123 0.688101534537 0.666963798747 0.658799016766 0.614657633359 0.761216631104 0.661602246333 0.664040403554 0.657212976101 0.634926033535 0.696003567894 0.796250427513 0.555379276899 0.512120252804 0.79346151571 0.648623851287 0.616136372003 0.705987284165 0.697482847305 0.620335953767 0.628397770289 0.656361102323 0.0 0.675861672493 0.60270372258 0.708996360664 0.635628758746 0.73312737445 0.702015468001 0.877727091838 
0.854601980699 0.832847071241 0.69407283316 0.73759647706 0.739866026363 0.73843581233 0.733875721489 0.833847263835 0.800537285215 0.708540584617 0.815622468719 0.85047540967 0.785265488575 0.77080907212 0.668750400512 0.662020895674 0.691380369243 0.638509312738 0.872981758849 0.642798916133 0.871661553255 0.730133365474 0.813763250024 0.729497578976 0.816234925986 0.731898916341 0.718485768159 0.839218315847 0.822895040676 0.80491191819 0.843130348433 0.689523276466 0.776484343177 0.71019189447 0.713304170344 0.848791519488 0.797757206305 0.631302570542 0.711627650237 0.819503468593 0.628300057761 0.497868737637 0.675861672493 0.0 0.656574487086 0.526078738592 0.6943101907 0.620356001152 0.74994931389 0.833569447966 
0.721296782202 0.695711294713 0.814823102384 0.75120452334 0.800367843158 0.816608851161 0.805643068762 0.678768736941 0.665403297361 0.501787458824 0.808203560803 0.732077352698 0.720470440101 0.711004847527 0.671425617086 0.725633359706 0.785560968887 0.687961151141 0.758943575131 0.707561611815 0.68590174328 0.691051258055 0.694217189872 0.679686334092 0.692104564627 0.860969656157 0.8021459192 0.685442709103 0.743096163826 0.706594798888 0.762125457057 0.811521601059 0.621250769677 0.628000882603 0.884238554369 0.63563412268 0.66204990387 0.660261107945 0.631276214314 0.653371226459 0.718166043112 0.663592325713 0.60270372258 0.656574487086 0.0 0.721588620718 0.680377447921 0.773898029983 0.733504409695 0.89276018162 
0.914528892729 0.890535903794 0.695056429327 0.765174094954 0.719123268369 0.710387160907 0.711468258182 0.8691099886 0.836124380352 0.757337355278 0.82150228229 0.909054512512 0.857487960463 0.833123875794 0.70685570694 0.75277573258 0.723322020966 0.721080374137 0.925341188281 0.715863268125 0.925896198849 0.790621696937 0.866920682396 0.81610129171 0.841914791832 0.674535859049 0.696051434384 0.870854726071 0.843110613814 0.827590372114 0.838862459654 0.705217151952 0.831332844365 0.793535424097 0.687233745815 0.885265537399 0.845532818237 0.694858012326 0.803834183806 0.861243733639 0.675053311817 0.570185929906 0.708996360664 0.526078738592 0.721588620718 0.0 0.753783401867 0.629153366758 0.779588048503 0.750223635114 
0.810945204649 0.752082160021 0.667086568985 0.534670782196 0.674245628626 0.708836231059 0.683696872326 0.567035022824 0.55772093073 0.567940756714 0.68744567143 0.752682918735 0.679590696925 0.668381854168 0.675580031512 0.742242381883 0.687538350916 0.661483006336 0.774607834455 0.633877058644 0.838463996993 0.746513865874 0.743838339419 0.729563834826 0.61493419454 0.753290476935 0.642524513709 0.609640416321 0.700778261153 0.634878773159 0.714565907899 0.773228468859 0.674510667451 0.60758425449 0.770545316154 0.747500727544 0.744491479278 0.76027774142 0.795180107487 0.750353130487 0.744795991589 0.687564097001 0.635628758746 0.6943101907 0.680377447921 0.753783401867 0.0 0.692314656117 0.66041354639 0.93575566255 
0.883919615435 0.881260444088 0.674304886704 0.743655802073 0.565471287069 0.595346591819 0.577690268734 0.833912233823 0.791072226548 0.75179735287 0.822164123175 0.895842403008 0.830393172397 0.810927256374 0.754962191881 0.781970139584 0.717234248274 0.748433793385 0.904994726791 0.701404080894 0.93856479364 0.825377360756 0.846881711369 0.8285611701 0.815255545946 0.647756283499 0.607804416896 0.794542759283 0.748775002431 0.747820497985 0.772306185304 0.543864469207 0.812417978769 0.76020458638 0.686055651869 0.884976292371 0.822123855845 0.747170770926 0.840430545338 0.853992981029 0.636155024859 0.619471823396 0.73312737445 0.620356001152 0.773898029983 0.629153366758 0.692314656117 0.0 0.645633989485 0.869709495356 
0.725826021887 0.799573098509 0.810817840704 0.724234848246 0.660147447179 0.667044413962 0.657554721863 0.706873283558 0.628783455701 0.670422723273 0.83245849571 0.829750168867 0.799693809553 0.793577035393 0.75996195493 0.760382602301 0.794632201546 0.730618006165 0.802712703219 0.731835044432 0.855269943513 0.7307482906 0.721035465302 0.731609925029 0.731155766695 0.830711430223 0.710142427147 0.648535024349 0.597590474453 0.574068487025 0.636274179464 0.758779411681 0.687449729144 0.656290973805 0.869518170204 0.764988619145 0.690013058115 0.66510126983 0.692970886016 0.723229115209 0.697035702347 0.753146996831 0.702015468001 0.74994931389 0.733504409695 0.779588048503 0.66041354639 0.645633989485 0.0 0.912704598478 
0.966885979479 0.952084380002 0.782352136634 0.844700231432 0.906762244749 0.866284113849 0.843360512587 0.986084512188 0.943777977022 0.922696483696 0.900894162529 1.00401115188 0.9649602699 0.936963653531 0.854521154202 0.859257608099 0.813990450668 0.87121657286 0.988638793024 0.830098238739 0.986535257279 0.879070677005 0.934488768874 0.92921221733 0.944257796783 0.818924214019 0.856837158561 0.973646798751 0.935426042166 0.923575735483 0.928078284689 0.801570166485 0.943626259407 0.920172511714 0.823693580878 0.968848406979 0.942388689735 0.889090664595 0.927274639456 0.952583772153 0.849449251758 0.854382415757 0.877727091838 0.833569447966 0.89276018162 0.750223635114 0.93575566255 0.869709495356 0.912704598478 0.0 
